Agent 0: [(16, 5), (17, 5), (17, 6), (17, 7), (18, 7), (18, 8), (18, 9), (19, 9), (20, 9), (20, 10), (20, 11), (21, 11), (21, 12), (21, 13), (21, 14), (21, 15), (22, 15), (23, 15), (24, 15), (25, 15), (26, 15), (26, 16), (26, 17), (25, 17), (25, 18), (25, 19), (25, 20), (25, 21), (25, 22), (25, 23), (25, 24), (26, 24), (26, 25), (26, 26), (26, 27), (26, 28), (26, 29), (25, 29), (24, 29), (24, 30), (24, 31)]
Agent 1: [(29, 21), (28, 21), (27, 21), (27, 22), (27, 23), (26, 23), (25, 23), (25, 24), (24, 24), (24, 25), (23, 25), (22, 25), (22, 24)]
Agent 2: [(1, 27), (2, 27), (3, 27), (3, 28), (4, 28), (5, 28), (6, 28), (7, 28), (8, 28), (8, 29), (9, 29), (10, 29), (10, 28), (11, 28), (12, 28), (13, 28), (14, 28), (15, 28), (16, 28), (17, 28), (18, 28), (19, 28), (19, 29), (19, 30), (20, 30), (21, 30), (21, 29), (22, 29), (22, 28), (23, 28)]
Agent 3: [(14, 20), (14, 19), (14, 18), (14, 17), (14, 16), (15, 16), (16, 16), (17, 16), (18, 16), (18, 15), (19, 15), (20, 15), (21, 15), (22, 15), (23, 15), (24, 15), (25, 15), (26, 15), (26, 16), (27, 16), (28, 16)]
Agent 4: [(25, 29), (26, 29), (26, 28), (26, 27), (26, 26), (26, 25), (27, 25), (27, 24), (27, 23), (27, 22), (27, 21), (27, 20), (27, 19), (27, 18), (27, 17), (27, 16), (27, 15), (27, 14), (26, 14), (25, 14), (24, 14), (23, 14), (22, 14), (21, 14), (21, 13), (21, 12), (21, 11), (20, 11), (20, 10), (20, 9), (19, 9), (18, 9), (18, 8), (18, 7)]
Agent 5: [(8, 25), (7, 25), (6, 25), (6, 24), (6, 23), (6, 22), (6, 21), (6, 20), (7, 20), (7, 19), (7, 18), (7, 17), (7, 16), (7, 15), (7, 14), (7, 13), (7, 12), (7, 11), (7, 10), (7, 9), (7, 8), (8, 8), (9, 8), (9, 7), (9, 6), (9, 5), (8, 5)]
Agent 6: [(30, 23), (30, 22), (29, 22), (28, 22), (27, 22), (27, 21), (27, 20), (27, 19), (27, 18), (27, 17), (27, 16), (27, 15), (27, 14), (27, 13), (27, 12), (28, 12)]
Agent 7: [(23, 20), (24, 20), (25, 20), (25, 21), (25, 22), (26, 22), (26, 23), (26, 24), (27, 24), (27, 25), (28, 25)]
Agent 8: [(9, 15), (9, 16), (10, 16), (10, 17), (11, 17)]
Agent 9: [(7, 11), (7, 10), (7, 9), (7, 8), (6, 8), (5, 8), (4, 8), (4, 7), (4, 6), (4, 5), (4, 4), (3, 4), (3, 3), (3, 2), (3, 1), (3, 0)]
Agent 10: [(18, 12), (17, 12), (16, 12), (16, 13), (16, 14), (15, 14), (14, 14), (14, 15), (14, 16), (14, 17), (14, 18), (14, 19), (14, 20), (14, 21), (13, 21), (13, 22), (13, 23), (13, 24), (13, 25), (14, 25), (14, 26), (14, 27), (14, 28)]
Agent 11: [(30, 30), (30, 29), (29, 29), (29, 28), (28, 28), (27, 28), (26, 28), (26, 27), (26, 26), (26, 25), (26, 24), (25, 24), (25, 23), (25, 22), (25, 21), (25, 20), (24, 20), (23, 20), (22, 20), (21, 20), (20, 20), (20, 19), (20, 18), (20, 17)]
Agent 12: [(22, 22), (22, 23), (22, 24), (22, 25), (22, 26), (22, 27), (22, 28), (22, 29), (23, 29), (23, 30), (23, 31)]
Agent 13: [(27, 3), (26, 3), (25, 3), (24, 3), (23, 3), (22, 3), (21, 3), (21, 4), (20, 4), (19, 4), (18, 4), (17, 4), (16, 4), (15, 4), (15, 5), (15, 6), (14, 6), (13, 6), (12, 6), (11, 6), (10, 6), (10, 7), (10, 8), (9, 8), (8, 8), (7, 8), (6, 8), (5, 8), (4, 8), (3, 8), (3, 9), (3, 10), (3, 11), (3, 12), (3, 13), (3, 14), (3, 15), (2, 15), (2, 16), (2, 17), (2, 18), (2, 19), (2, 20), (2, 21), (2, 22), (1, 22), (1, 23), (1, 24), (0, 24)]
Agent 14: [(26, 27), (26, 26), (26, 25), (26, 24), (27, 24), (27, 23), (27, 22), (27, 21), (27, 20), (27, 19), (26, 19), (26, 18), (26, 17), (26, 16), (26, 15), (26, 14), (25, 14), (25, 13), (25, 12), (25, 11), (25, 10), (25, 9), (25, 8), (25, 7)]
